{"datas": [[0.20621248786011273, 0.04189276904477116, 0.2828460979429987, 0.21671337405146163, 0.14032410847740226, 0.1120111626232534], [0.08940574951897425, 0.014320139737818377, 0.2830550675852008, 0.3261590623095744, 0.150760596452533, 0.13629938439589914], [0.1888431132993881, 0.0, 0.3371297026383347, 0.20371279466804654, 0.10577485454974767, 0.16453953484448303], [0.19071975152874593, 0.0, 0.2823466503976829, 0.28487561982992066, 0.10505446324081737, 0.13700351500283292], [0.07851880661357341, 0.019568931933048647, 0.2613743741111189, 0.26528047779761776, 0.25722693834312854, 0.1180304712015127], [0.06164123282465649, 0.08190163803276067, 0.15398307966159322, 0.3694073881477629, 0.07770155403108062, 0.25536510730214607], [0.12884046019090017, 0.04830090614789095, 0.38442989226072066, 0.16076672085524188, 0.17857954881565388, 0.09908247172959257], [0.15716766978475272, 0.01801828996322963, 0.16846065581713776, 0.49066378258832866, 0.08871092219011094, 0.07697867965644035], [0.18796790083212886, 0.008676215424865812, 0.3105081815608512, 0.22142660218751317, 0.08981632648429382, 0.1816047735103472], [0.09813754369327835, 0.028073954109308588, 0.36074729860760407, 0.31562846429060365, 0.0851101080919025, 0.11230263120730283], [0.04104853285971832, 0.014284889435181974, 0.08850570847253804, 0.5106602712219588, 0.03390608814212733, 0.3115945098684755], [0.0265, 0.0442, 0.2478, 0.0265, 0.5575, 0.0973], [0.038629319150570926, 0.08975044946462932, 0.2888552815257974, 0.0628552149804199, 0.3258239866004139, 0.1940857482781685], [0.05946346644111725, 0.025768627250458503, 0.2486758676167965, 0.1619176161927516, 0.3447878568782788, 0.15938656562059722], [0.22049734338615168, 0.04401699986140828, 0.27812977313232956, 0.1878433464536241, 0.20742783381010754, 0.06208470335637875], [0.022293584833321303, 0.0, 0.15738495142065517, 0.5261134818014882, 0.16946449117292706, 0.12474349077160822], [0.04872244162230197, 0.0, 0.20450355950684873, 0.5007819861063185, 0.11789973320318266, 0.12809227956134803], [0.0244193410348539, 0.0, 0.2216230228398662, 0.3649548408680443, 0.2861263116773612, 0.10287648357987428], [0.19053597045161255, 0.0, 0.28315320053857457, 0.284404429977645, 0.10512949052529966, 0.13677690850686827], [0.16340994946125495, 0.026578642388404784, 0.3055066272595494, 0.18960748975222594, 0.25849919048688663, 0.05639810065167826], [0.18569267472548492, 0.16369476037327765, 0.24700037826778046, 0.0853727192672913, 0.2444116113257141, 0.0738278560404515], [0.04258762463574382, 0.05967825048930735, 0.1502017407602036, 0.42549826510610317, 0.16054299537599845, 0.1614911236326436], [0.0, 0.00814243148301398, 0.052876989103121955, 0.7451167419585116, 0.0, 0.19386383745535235], [0.05740414167999447, 0.014289442993303344, 0.2464121600299046, 0.31866335759529124, 0.06479523288342723, 0.29843566481807904], [0.07210641740322477, 0.0, 0.28363312923185074, 0.4245699538535228, 0.08021880921531781, 0.13947169029608386], [0.0570930731487243, 0.01421200962500433, 0.24518985641596378, 0.3190667239090774, 0.06444411260993345, 0.2999942242912968], [0.10651533343040831, 0.04708418267745234, 0.27767543097462344, 0.3037762551943633, 0.1397975861642126, 0.12515121155894002], [0.0606690112849969, 0.04123996711293592, 0.1515544185214767, 0.3656866294151551, 0.07647602493258046, 0.30437394873285484], [0.08504602117224376, 0.04357158873057118, 0.20075110818873756, 0.06606769467773689, 0.5738461478754668, 0.030717439355243816], [0.07295123465825805, 0.02650181571569531, 0.36754476680361775, 0.2070275550093514, 0.21956611837573375, 0.10640850943734362], [0.06164123282465649, 0.04190083801676033, 0.15398307966159322, 0.47140942818856374, 0.07770155403108062, 0.19336386727734556], [0.11901522934988126, 0.05616525863386459, 0.27493918403718437, 0.08196029773462195, 0.40043170093183394, 0.06748832931261382], [0.09298084201737132, 0.036927941390720996, 0.23522385582920152, 0.20879091259810956, 0.3057230468426424, 0.12035340132195438], [0.122982459649193, 0.08456169123382466, 0.1833236664733295, 0.32140642812856257, 0.12836256725134504, 0.15936318726374527], [0.1462274109439705, 0.06477986975602908, 0.3422211706407428, 0.19605446799631587, 0.17693914952058526, 0.07377793114235644], [0.04872244162230197, 0.0, 0.20450355950684873, 0.5007819861063185, 0.11789973320318266, 0.12809227956134803], [0.08337922249229258, 0.04180094605264248, 0.19074941200358614, 0.287208441520239, 0.2725042806274263, 0.12435769730381348], [0.016486041219542332, 0.04142221411945309, 0.16707019466169756, 0.5658733035122698, 0.04889920168617835, 0.16024904480085878], [0.0570930731487243, 0.01421200962500433, 0.24518985641596378, 0.3190667239090774, 0.06444411260993345, 0.2999942242912968], [0.1550791030881556, 0.0, 0.2926325951716009, 0.18962299708068558, 0.137130064770972, 0.22553523988858587], [0.03181823469019147, 0.04184897564352639, 0.18341245667316106, 0.5345192567537693, 0.08835486572905642, 0.12004621051029532], [0.15348392172902917, 0.0, 0.2560445485811082, 0.3466569957609505, 0.1284402792324452, 0.11537425469646702], [0.10617762040830743, 0.027277590139682017, 0.2414968132089977, 0.36792910199838463, 0.14032952641108024, 0.11678934783354793], [0.13719044157683338, 0.0, 0.1856409679087496, 0.37819240675850735, 0.15932845329284415, 0.13964773046306556], [0.19888727977451176, 0.00594661520929693, 0.3152065593766614, 0.2537222489300024, 0.12108229904809868, 0.10515499766142888], [0.042075605010145144, 0.023400493437360177, 0.28822199326194303, 0.28045682226535595, 0.16313313967011175, 0.20271194635508402], [0.03249935001299974, 0.004259914801703966, 0.05775884482310354, 0.5915481690366192, 0.09175816483670327, 0.22217555648887022], [0.09867554576416153, 0.00352757642078317, 0.17153288194172, 0.47107963982703704, 0.15048899908828384, 0.10469535695801438], [0.06164123282465649, 0.04190083801676033, 0.15398307966159322, 0.47140942818856374, 0.07770155403108062, 0.19336386727734556], [0.022511921542345707, 0.0, 0.3719793845234491, 0.3756591552363533, 0.12021280680341206, 0.1096367318944398], [0.14474221518405522, 0.0012768290300332248, 0.2588404554982108, 0.3261859428030684, 0.16648693198408676, 0.1024676255005456], [0.19053597045161255, 0.0, 0.28315320053857457, 0.284404429977645, 0.10512949052529966, 0.13677690850686827], [0.022361240294197685, 0.00124116074426393, 0.26481487027205, 0.49288978427368013, 0.12802267873620732, 0.09067026567960094], [0.19053221155836747, 0.0, 0.26201892862888404, 0.3865701209182205, 0.09104162595497692, 0.06983711293955094], [0.034210528090956996, 0.0, 0.24757224456686153, 0.5103172952695251, 0.1201081554369034, 0.0877917766357531], [0.20868256634737792, 0.0, 0.3509966159421575, 0.18960748975222594, 0.1807591316348536, 0.06995419632338508], [0.0570930731487243, 0.01421200962500433, 0.24518985641596378, 0.3190667239090774, 0.06444411260993345, 0.2999942242912968], [0.19053597045161255, 0.0, 0.28315320053857457, 0.284404429977645, 0.10512949052529966, 0.13677690850686827], [0.06871181377675162, 0.05992671810681636, 0.25758028146899126, 0.3461300363192001, 0.1016673576427789, 0.16598379268546168], [0.1865729186939088, 0.0, 0.1659471090215835, 0.18544190091182539, 0.184623257006572, 0.2774148143661103], [0.016562137109982368, 0.041613409824076304, 0.16019082111778174, 0.5495095595508175, 0.03868918249491793, 0.19343488990242425], [0.024456395585190117, 0.0, 0.1726536427352154, 0.5473673763986842, 0.18590507828841704, 0.0696175069924933], [0.061686819401048046, 0.014081346770458981, 0.27078267985032045, 0.3237720225750354, 0.20470555549354025, 0.124971575909597], [0.10312206244124883, 0.05886117722354448, 0.30406608132162644, 0.28334566691333823, 0.10918218364367288, 0.14142282845656914], [0.08852038066549398, 0.014111683037481202, 0.27951080566677355, 0.3097170421991644, 0.14968626244753552, 0.15845382598355132], [0.0, 0.0, 0.4328, 0.5672, 0.0, 0.0], [0.038252840313686594, 0.11015269147334898, 0.1569038985482542, 0.5219954161492292, 0.0306511837143232, 0.14204396980115802], [0.19097677157585102, 0.0, 0.2599831443300026, 0.3536749255987986, 0.09080367035488761, 0.10456148814046023], [0.07734663845153136, 0.013902938436500985, 0.24806625536290566, 0.36601252874406015, 0.11675963134378164, 0.17791200766122012], [0.18883921637272927, 0.0, 0.25775750082616383, 0.2729622991100004, 0.0899037499850314, 0.19053723370607506], [0.24573946419050072, 0.043113486332765426, 0.2490054909531471, 0.20576168746297233, 0.14258171173213763, 0.1137981593284767], [0.01570346502240838, 0.0, 0.2685560180257788, 0.4501629960587238, 0.02967086858505302, 0.2359066523080361], [0.190715982776401, 0.0, 0.2870836346950473, 0.2511582671456204, 0.13629402540134314, 0.13474808998158813], [0.06164123282465649, 0.04190083801676033, 0.15398307966159322, 0.47140942818856374, 0.07770155403108062, 0.19336386727734556], [0.05592223688947559, 0.013920556822272893, 0.2732309292371695, 0.43919756790271614, 0.06312252490099605, 0.15460618424736988], [0.0, 0.004409352760033979, 0.10370540836099335, 0.6342787637014916, 0.12065413359866475, 0.13695234157881608], [0.06316296576295719, 0.02311160686462747, 0.145393007189232, 0.353503118106671, 0.29311191361211575, 0.12171738846439652], [0.0892205214261823, 0.027595644268778377, 0.2854854371530291, 0.2473948042723892, 0.19875337924961786, 0.15155021363000332], [0.19053597045161255, 0.0, 0.28315320053857457, 0.284404429977645, 0.10512949052529966, 0.13677690850686827], [0.049005100390351164, 0.0, 0.20967867165260334, 0.49619891860281945, 0.11819730751091502, 0.12692000184331104], [0.032499350012999736, 0.004259914801703965, 0.05775884482310354, 0.5915481690366192, 0.09175816483670327, 0.22217555648887025], [0.09537078556719286, 0.006200477503368367, 0.29496162492757105, 0.27323257954760594, 0.1606814302707662, 0.1695531021834956], [0.07758522167396484, 0.022644877137136928, 0.18457688139573675, 0.2660472413094352, 0.10951447400776748, 0.33963130447595874], [0.05785371265940418, 0.0, 0.42475849504367985, 0.288412093559355, 0.15163952281840726, 0.07733617591915372], [0.19029407841788956, 0.0, 0.28421477911305476, 0.28378425148367636, 0.10522824118402466, 0.13647864980135463], [0.05740414167999447, 0.014289442993303344, 0.2464121600299046, 0.31866335759529124, 0.06479523288342723, 0.29843566481807904], [0.04884572988270223, 0.0, 0.20676080621541457, 0.4987829735736346, 0.11802952722653222, 0.1275809631017164], [0.06594674421202791, 0.04145324064926136, 0.20364656724247854, 0.32293704948773516, 0.222537268287159, 0.14347913012133795], [0.025599999999999998, 0.0, 0.18301999999999996, 0.6006999999999999, 0.05911999999999999, 0.13155999999999998], [0.13889541105889702, 0.058406861721123894, 0.301764846268612, 0.1740987000682798, 0.19245868051022932, 0.13437550037285795], [0.015766407292203063, 0.0, 0.1524944343500897, 0.6659343902131949, 0.029789794682755538, 0.13601497346175684], [0.10057731358630988, 0.19949288283710265, 0.19602424881185948, 0.07644352607171687, 0.2350137662959764, 0.19244826239703477], [0.10497862883082887, 0.009201532997921756, 0.17580877418140947, 0.12562327591809339, 0.40355048053917997, 0.18083730753256663], [0.19053597045161255, 0.0, 0.28315320053857457, 0.284404429977645, 0.10512949052529966, 0.13677690850686827], [0.19085657602270326, 0.0, 0.2686431432885706, 0.2549026091675582, 0.12881367128490856, 0.1567840002362595], [0.19071975152874598, 0.0, 0.3050916447389869, 0.23750832926857776, 0.12088308223941385, 0.14579719222427542], [0.17393765901194205, 0.03960004471603958, 0.1894959367619998, 0.2200466770101821, 0.23931028891312323, 0.1376093935867132], [0.056568168922705914, 0.014081346770458981, 0.26333737006364094, 0.43460193293218236, 0.0638516241488054, 0.1675595571622064], [0.04088814532095847, 0.06110024281064785, 0.12538762275040843, 0.5173504424792436, 0.14812118948781353, 0.10715235715092819], [0.0166619210218181, 0.0, 0.17574857262342022, 0.5859790180165744, 0.05440756014157393, 0.16720292819661348], [0.1957673692142546, 0.0, 0.29648786475321903, 0.23727800760076012, 0.17753023394037432, 0.09293652449139178], [0.045281011707126555, 0.0, 0.18463812668853774, 0.3927081921295804, 0.2350160428891966, 0.1423566265855587], [0.017753911679451433, 0.0013302665937323442, 0.4276856713206138, 0.1701854395581579, 0.28966241491137673, 0.09338229593666783], [0.024140482809656194, 0.0, 0.1984239684793696, 0.4807896157923158, 0.18350367007340146, 0.1131422628452569], [0.024140482809656194, 0.0, 0.17042340846816936, 0.5181303626072521, 0.18350367007340146, 0.10380207604152084], [0.19053597045161255, 0.0, 0.28315320053857457, 0.284404429977645, 0.10512949052529966, 0.13677690850686827], [0.16690360306855626, 0.0, 0.28152390994973275, 0.17988548017892897, 0.30525320211808016, 0.06643380468470189], [0.038649374850799494, 0.0, 0.19520442643701535, 0.40253727491293284, 0.23025173160248655, 0.13335719219676584], [0.14845650944218614, 0.06897746441455813, 0.29557955374964623, 0.06409426437976236, 0.22210624975771362, 0.20078595825613346], [0.16791632339230816, 0.0, 0.29878660241562527, 0.2066016459726209, 0.20072107105579082, 0.12597435716365493], [0.024458165524411577, 0.0, 0.16877082298518764, 0.4245910613600941, 0.1944354946254542, 0.18774445550485247], [0.19071598277640103, 0.0, 0.2611773807038665, 0.18960374297893218, 0.2720894315244512, 0.08641346201634917], [0.06296269791559096, 0.07050931948452265, 0.3115965651021903, 0.3192465538176313, 0.08620952950460574, 0.14947533417545902], [0.12056397221725053, 0.04596411524642202, 0.3094639495732647, 0.18258426951482598, 0.2551187419913829, 0.08630495145685384], [0.17014095919218558, 0.09334807314229214, 0.31725400111504576, 0.15722539160717386, 0.17865724923263848, 0.08337432571066418], [0.07167567643294569, 0.023157458589314724, 0.24109222415664067, 0.32327097209114564, 0.2509940394496092, 0.08980962928034407], [0.04083709713712259, 0.061023960152118556, 0.1252310783445259, 0.5179530225950015, 0.14793626259392753, 0.107018579177304], [0.0633742485867529, 0.01600376983527026, 0.3097884402282266, 0.3935930892596127, 0.07635783809156774, 0.1408826139985699], [0.22919974489386527, 0.014568714863298231, 0.340948061344203, 0.18594460749770989, 0.12433521166206489, 0.10500365973885872], [0.19053597045161255, 0.0, 0.28315320053857457, 0.284404429977645, 0.10512949052529966, 0.13677690850686827], [0.19098055433981534, 0.0, 0.2812020791105089, 0.2855442830020904, 0.10494799239515105, 0.1373250911524343], [0.16244892266793196, 0.0, 0.2467615545885882, 0.17894287082334207, 0.07783183657054625, 0.3340148153495915], [0.06414128282565652, 0.013920278405568112, 0.248684973699474, 0.3380867617352347, 0.21654433088661773, 0.11862237244744896], [0.0722097464154989, 0.027763209471283672, 0.34131996183781443, 0.3617911759499877, 0.08691036388652837, 0.11000554243888698], [0.19071975152874593, 0.0, 0.2823466503976829, 0.28487561982992066, 0.10505446324081737, 0.13700351500283292], [0.09537078556719286, 0.006200477503368367, 0.29496162492757105, 0.27323257954760594, 0.1606814302707662, 0.1695531021834956], [0.14538522602646703, 0.0, 0.34681186845097534, 0.25189114300895593, 0.1573591181888557, 0.0985526443247459], [0.016197676855756467, 0.05047081703259115, 0.2657235646881072, 0.27864948363347475, 0.2231253276994338, 0.16583313009063674], [0.19053597045161255, 0.0, 0.28315320053857457, 0.284404429977645, 0.10512949052529966, 0.13677690850686827], [0.0394364801255926, 0.02203930382793729, 0.1786502778120624, 0.5355203048168423, 0.021031492361009176, 0.20332214105655616], [0.20868256634737792, 0.0, 0.3509966159421575, 0.18960748975222594, 0.1807591316348536, 0.06995419632338508], [0.02646824663564077, 0.0, 0.3455325076311986, 0.3774705565900833, 0.14078484707195096, 0.10974384207112634], [0.05078276171685844, 0.024109962728790763, 0.30473113187646733, 0.20016672074805403, 0.2865190742295608, 0.13369034870026872], [0.06757224471607834, 0.0, 0.21004709054648332, 0.3042086277104968, 0.18310056296190783, 0.23507147406503384], [0.017943582374075374, 0.0, 0.18403107684722267, 0.1887833349939675, 0.4940915319304663, 0.11515047385426817], [0.6282, 0.0, 0.0, 0.0, 0.1795, 0.1923], [0.055747875130486964, 0.013877153465958128, 0.314223297878496, 0.2978123592253148, 0.15596112683172725, 0.16237818746801694], [0.19542475506373716, 0.0, 0.29788442900292467, 0.23657815208223024, 0.17745025721916707, 0.09266240663194092], [0.1388253119205609, 0.004145514946392893, 0.17260478572977916, 0.45510815335895577, 0.07037339820451105, 0.15894283583980032], [0.06536425388049698, 0.04653785756320555, 0.30357896108895077, 0.3575128672176164, 0.13358029762520623, 0.09342576262452408], [0.19053597045161255, 0.0, 0.28315320053857457, 0.284404429977645, 0.10512949052529966, 0.13677690850686827], [0.05515394073683202, 0.09339797304918637, 0.19578953827284484, 0.17582925363456028, 0.3747458719872059, 0.10508342231937055], [0.0570930731487243, 0.01421200962500433, 0.24518985641596378, 0.3190667239090774, 0.06444411260993345, 0.2999942242912968], [0.1991385068294536, 0.0, 0.3266223605460142, 0.18830578597740313, 0.19809002220368382, 0.08784332444344517], [0.05763118277907216, 0.01434595966174328, 0.24730428870258836, 0.3183689506656061, 0.06505150674204281, 0.29729811144894713], [0.025417752188355295, 0.005897255755487905, 0.21032722648457, 0.5742560180447116, 0.060779562965144904, 0.12332218456173032], [0.19053597045161255, 0.0, 0.28315320053857457, 0.284404429977645, 0.10512949052529966, 0.13677690850686827], [0.06841291633857984, 0.0, 0.2576818495396504, 0.35352248368505207, 0.17680200515363623, 0.14358074528308148], [0.05578885146497029, 0.013887353583554833, 0.2316953301899982, 0.41806067855520035, 0.06297196538749865, 0.21759582081877782], [0.06744269770790833, 0.0, 0.23738949557982322, 0.39775591023640944, 0.03008120324812993, 0.2673306932277291], [0.12980259605192104, 0.038600772015440314, 0.23842476849536992, 0.22620452409048183, 0.25026500530010604, 0.11670233404668096], [0.15652282751545749, 0.0, 0.3873754985454849, 0.18675006695318028, 0.15469101931079868, 0.11466058767507875], [0.0, 0.0, 0.0331, 0.4967, 0.0927, 0.3775], [0.061067978448749796, 0.01389431366616272, 0.27030589097627405, 0.3508518514941154, 0.15574590453396076, 0.14813406088073722], [0.1899575440641814, 0.0, 0.2646505172012525, 0.36474535862964835, 0.09134922300161404, 0.08929735710330373], [0.20885028437465045, 0.0, 0.3504521977524281, 0.1898538634986458, 0.18079856038936631, 0.07004509398490943], [0.03501311383487243, 0.02411640042117338, 0.1520230996644737, 0.3409853518230429, 0.25670152081370234, 0.19116051344273524], [0.02414096563862555, 0.0, 0.203148125925037, 0.4953398135925437, 0.18350734029361176, 0.09386375455018203], [0.05632813768325888, 0.0, 0.293601940921579, 0.34293735762674604, 0.18267677261397294, 0.12445579115444315], [0.024140482809656194, 0.0, 0.17042340846816936, 0.5181303626072521, 0.18350367007340146, 0.10380207604152084], [0.06197999999999999, 0.015139999999999999, 0.32558, 0.33544, 0.15888, 0.10297999999999999], [0.024140482809656194, 0.0, 0.17042340846816934, 0.5181303626072521, 0.18350367007340143, 0.10380207604152082], [0.13915226175922588, 0.0, 0.17415835735763915, 0.4576895175170015, 0.08929977639114575, 0.1397000869749878], [0.06164123282465649, 0.04190083801676033, 0.15398307966159322, 0.47140942818856374, 0.07770155403108062, 0.19336386727734556], [0.146668216991881, 0.0060488942971112245, 0.3835588142442491, 0.11732224080540325, 0.1840133081431205, 0.16238852551823485], [0.045000320082076176, 0.005518385295662558, 0.29424326790203886, 0.38868596086991314, 0.15542590871325765, 0.11112615713705165], [0.14082026093983993, 0.0, 0.1613661763488288, 0.530218617155884, 0.06699331392379078, 0.10060163163165645], [0.03381649636796211, 0.019357710468359903, 0.07864068375196019, 0.41335993441541546, 0.22097450906803223, 0.23385066592827009], [0.07664885261113208, 0.01679395322907991, 0.27099865224870795, 0.21598774477401586, 0.28106312490249885, 0.13850767223456537], [0.19950845065088038, 0.00597758339567343, 0.31283825149111105, 0.25504355821539965, 0.12092954293334407, 0.10570261331359151], [0.06164123282465649, 0.04190083801676033, 0.15398307966159322, 0.47140942818856374, 0.07770155403108062, 0.19336386727734556], [0.05581681179682612, 0.013894313666162722, 0.2397088703634876, 0.32811191596979467, 0.06300352576208271, 0.29946456244164626], [0.13091164704105163, 0.03324635826212841, 0.2581666599543417, 0.2989396757511237, 0.19273524030255737, 0.0860004186887973], [0.07349398186367165, 0.0, 0.24759667994417103, 0.419021934067465, 0.1261625061552625, 0.13372489796942977], [0.1408997979103097, 0.0, 0.260634983684792, 0.3622684323851165, 0.12234608090514082, 0.11385070511464093], [0.061641232824656486, 0.04190083801676033, 0.15398307966159325, 0.42666853337066735, 0.07770155403108062, 0.23810476209524192], [0.016486041219542336, 0.0, 0.25820092552109, 0.5646239378148818, 0.08588261806665601, 0.07480647737782994], [0.13882801386237517, 0.0, 0.3358766485160235, 0.2858919462032134, 0.06622917224414361, 0.17317421917424422], [0.10829565509157968, 0.05781054326949465, 0.2875186883900718, 0.2978123592253148, 0.10772054194941262, 0.14084221207412648], [0.19950845065088038, 0.00597758339567343, 0.31283825149111105, 0.25504355821539965, 0.12092954293334407, 0.10570261331359151], [0.04558369019139383, 0.014029379405909866, 0.12551727283217987, 0.36665425745672386, 0.12636369637544878, 0.3218517037383438], [0.19098055433981534, 0.0, 0.2812020791105089, 0.2855442830020904, 0.10494799239515105, 0.1373250911524343], [0.07726154523090462, 0.07902158043160862, 0.18332366647332946, 0.3293665873317467, 0.10802216044320885, 0.2230044600892018], [0.03960630130486064, 0.06286851580590518, 0.12145671875235016, 0.3181116729801587, 0.24190485282232616, 0.21605193833439923], [0.16231797654193372, 0.0, 0.31712247015896794, 0.18887737878470548, 0.2244777758836992, 0.10720439863069371], [0.024140482809656194, 0.0, 0.19842396847936958, 0.4807896157923159, 0.18350367007340146, 0.11314226284525691], [0.19029407841788956, 0.0, 0.28421477911305476, 0.28378425148367636, 0.10522824118402466, 0.13647864980135463], [0.18996127220474399, 0.0, 0.28567534786305293, 0.2829309813165057, 0.10536410689349052, 0.13606829172220686], [0.05062202488099524, 0.020680827233089324, 0.25197007880315214, 0.22050882035281413, 0.2690507620304812, 0.18716748669946798], [0.04621900868646706, 0.05576045164435071, 0.3093326085579529, 0.14284245270812476, 0.2800942538602737, 0.16575122454283087], [0.02439081909514377, 0.0, 0.1721906955341508, 0.5484724538331419, 0.18540659916979624, 0.06953943236776715], [0.19950845065088038, 0.00597758339567343, 0.31283825149111105, 0.25504355821539965, 0.12092954293334407, 0.10570261331359151], [0.038649374850799494, 0.0, 0.19520442643701535, 0.40253727491293284, 0.23025173160248655, 0.13335719219676584], [0.1908603523792823, 0.0, 0.2605162655355588, 0.38771368903743286, 0.09086598500013672, 0.0700437080475893], [0.20846907442287216, 0.0, 0.35168961769606194, 0.1892938752521853, 0.18070894191572404, 0.06983849071315644], [0.19029407841788956, 0.0, 0.28421477911305476, 0.28378425148367636, 0.10522824118402466, 0.13647864980135463], [0.18996127220474399, 0.0, 0.28567534786305293, 0.2829309813165057, 0.10536410689349052, 0.13606829172220686], [0.016661921021818096, 0.0, 0.1611559421444441, 0.7026813032016925, 0.03148182062413871, 0.08801901300790656], [0.1408997979103097, 0.0, 0.260634983684792, 0.3622684323851165, 0.12234608090514082, 0.11385070511464093], [0.0570930731487243, 0.01421200962500433, 0.24518985641596378, 0.3190667239090774, 0.06444411260993345, 0.2999942242912968], [0.08013106995338544, 0.00583315162110971, 0.31705620748775304, 0.4145387916084336, 0.08633279479321374, 0.09610798453610453], [0.19053597045161255, 0.0, 0.28315320053857457, 0.284404429977645, 0.10512949052529966, 0.13677690850686827], [0.19053597045161255, 0.0, 0.28315320053857457, 0.284404429977645, 0.10512949052529966, 0.13677690850686827], [0.20885028437465045, 0.0, 0.3504521977524281, 0.1898538634986458, 0.18079856038936631, 0.07004509398490943], [0.06163999999999999, 0.04189999999999999, 0.17365999999999995, 0.33451999999999993, 0.18589999999999998, 0.20238], [0.2727, 0.2172, 0.2172, 0.0, 0.2172, 0.0758], [0.19053597045161255, 0.0, 0.28315320053857457, 0.284404429977645, 0.10512949052529966, 0.13677690850686827], [0.0, 0.0, 0.0, 1.0, 0.0, 0.0], [0.18797181182477438, 0.0, 0.2876272668097157, 0.31158666172934585, 0.08981819526609523, 0.12299606437006876], [0.025496004113179267, 0.0, 0.21963633884414396, 0.5108068324269192, 0.13791315941309007, 0.10614766520266762], [0.03425457106940447, 0.0, 0.24865449698529332, 0.50939611905512, 0.11975445128777017, 0.08794036160241214], [0.0465, 0.0, 0.3953, 0.0, 0.5, 0.0581], [0.22159754969158751, 0.023159061566081465, 0.3352733126575918, 0.18959999635371305, 0.16041864803825454, 0.06995143169277167], [0.19053597045161255, 0.0, 0.28315320053857457, 0.284404429977645, 0.10512949052529966, 0.13677690850686827], [0.1933695961737405, 0.023094578588420428, 0.19164497938042377, 0.3521031934531303, 0.1638488751246933, 0.0759387772795917], [0.15612231493628606, 0.0, 0.21380283231054323, 0.4983634606001082, 0.07444720749483015, 0.05726418465823238], [0.061642465698627955, 0.0454018160726429, 0.15398615944637786, 0.47579903196127854, 0.07770310812432499, 0.1854674186967479], [0.041750134589726935, 0.0070804321818835145, 0.22140592817027704, 0.4349578281348518, 0.10246280594242926, 0.19234287098083144], [0.03148128551250152, 0.08267818896826035, 0.18147015292639893, 0.43320105870551084, 0.07997986370772742, 0.1911894501796009], [0.02723510578354041, 0.0, 0.21056982547623979, 0.5200356527344511, 0.08429974462459697, 0.15785967138117177], [0.22207551891361135, 0.037181922175277576, 0.2645881335160586, 0.21260264432019574, 0.16065534470043852, 0.10289643637441813], [0.0, 0.1474, 0.0, 0.0632, 0.0, 0.7895], [0.015882663006479378, 0.0, 0.15361887247096073, 0.6331028748015132, 0.030009453720785156, 0.16738613600026164], [0.014190612297015513, 0.057312499734311385, 0.13725317094814377, 0.33250131972711267, 0.026812413184310716, 0.4319299841091059], [0.14617091981873978, 0.06475203503796086, 0.3421953387898419, 0.19613003771520401, 0.17705706190561224, 0.07369460673264117], [0.04779825288671228, 0.0, 0.24250488641744386, 0.40935783960389455, 0.1407916234357009, 0.1595473976562484], [0.19053597045161255, 0.0, 0.28315320053857457, 0.284404429977645, 0.10512949052529966, 0.13677690850686827], [0.01625427990376543, 0.0, 0.251516405378654, 0.5383394555644629, 0.07404691400089702, 0.11984294515222069], [0.0238111589789059, 0.0, 0.3540544763434078, 0.172359648714748, 0.2921216493347103, 0.15765306662822798], [0.18996127220474399, 0.0, 0.28567534786305293, 0.2829309813165057, 0.10536410689349052, 0.13606829172220686], [0.1362894644644109, 0.003607176277601215, 0.15869514377858146, 0.5081840204817808, 0.06525581989835876, 0.1279683750992669], [0.06164123282465649, 0.04190083801676033, 0.15398307966159322, 0.47140942818856374, 0.07770155403108062, 0.19336386727734556], [0.0873017460349207, 0.025680513610272203, 0.2714654293085862, 0.36898737974759493, 0.11148222964459288, 0.13508270165403308], [0.047642065049413394, 0.0, 0.20041407995495714, 0.5038822600550449, 0.11524228241067032, 0.13281931252991436], [0.18845697472686368, 0.0, 0.2580837658071074, 0.35412374332194196, 0.08986604834206119, 0.1094694678020257], [0.05665292631001787, 0.014102445175884276, 0.2352838985378854, 0.462049466865236, 0.06394729450444077, 0.16796396860653576], [0.19053597045161255, 0.0, 0.28315320053857457, 0.284404429977645, 0.10512949052529966, 0.13677690850686827], [0.07934119143508103, 0.031892263884449566, 0.3051583922225095, 0.35242513339250975, 0.1598748460546266, 0.07130817301082362], [0.1472204223987927, 0.005871934973611891, 0.21107707908181778, 0.42496276139690065, 0.09562738089692867, 0.11524042125194817], [0.01589062310095622, 0.0, 0.2867898134024334, 0.3253109245525776, 0.22391535289794423, 0.1480932860460885], [0.06164123282465649, 0.04190083801676033, 0.15398307966159322, 0.47140942818856374, 0.07770155403108062, 0.19336386727734556], [0.048794765259497365, 0.0, 0.22070750414098445, 0.4071490901863385, 0.14135275997170343, 0.1819958804414763], [0.04090007366044871, 0.0, 0.2122138476138702, 0.3136643541197584, 0.3063724519314886, 0.12684927267443408], [0.19053221155836753, 0.0, 0.2620189286288841, 0.3366188299682367, 0.09853826519707562, 0.11229176464743618], [0.12980259605192104, 0.038600772015440314, 0.23842476849536992, 0.22620452409048183, 0.25026500530010604, 0.11670233404668096], [0.1803124253658675, 0.02211662681247814, 0.3548636036407083, 0.1765404916435591, 0.1288709564411239, 0.13729589609626303], [0.19098055433981534, 0.0, 0.2812020791105089, 0.2855442830020904, 0.10494799239515105, 0.1373250911524343], [0.19053221155836747, 0.0, 0.2911571816830414, 0.1982663799555048, 0.18743262420996165, 0.1326116025931247], [0.05763118277907216, 0.01434595966174328, 0.24730428870258836, 0.3183689506656061, 0.06505150674204281, 0.29729811144894713], [0.0325, 0.0, 0.045000000000000005, 0.6056600000000001, 0.08750000000000001, 0.22934000000000002], [0.04103587989410229, 0.021285067348316845, 0.32493676284413403, 0.20194948314050123, 0.27055365010062604, 0.1402391566723197], [0.03932600279408407, 0.06358394548905862, 0.12059715509029433, 0.3159032732353395, 0.2440376287675554, 0.216551994623668], [0.14788743546608957, 0.0, 0.20603807275189687, 0.45847821126282934, 0.0711180089639618, 0.11647827155522245], [0.20846907442287216, 0.0, 0.35168961769606194, 0.1892938752521853, 0.18070894191572404, 0.06983849071315644], [0.024790281648966742, 0.0058235024274811975, 0.43130893250059027, 0.34468008460669003, 0.0674449546670168, 0.12595224414925502], [0.12980259605192104, 0.03860077201544031, 0.23842476849536992, 0.2262045240904818, 0.25026500530010604, 0.11670233404668094], [0.024419806827505733, 0.0, 0.17239533883776, 0.5479839603366667, 0.18562694916517408, 0.06957394483289332], [0.19053597045161255, 0.0, 0.28315320053857457, 0.284404429977645, 0.10512949052529966, 0.13677690850686827], [0.20726734225675736, 0.04144896234852244, 0.17826454714342188, 0.28261068813451923, 0.21006227337391606, 0.08034618674286305], [0.034502471542983436, 0.0, 0.3497705913383049, 0.3629669088213603, 0.1768123398548024, 0.07594768844254908], [0.05592111842236846, 0.013920278405568112, 0.24094481889637792, 0.4772095441908838, 0.06312126242524851, 0.1488829776595532], [0.10617762040830743, 0.027277590139682017, 0.2414968132089977, 0.36792910199838463, 0.14032952641108024, 0.11678934783354793], [0.03932600279408407, 0.022059246029191258, 0.17868025743395177, 0.534887059908552, 0.02097257475106309, 0.20407485908315784], [0.0667585443150187, 0.0, 0.2956458521280892, 0.328547589851017, 0.2077922786886363, 0.10125573501723872], [0.19098055433981534, 0.0, 0.2812020791105089, 0.2855442830020904, 0.10494799239515105, 0.1373250911524343], [0.18947424712802569, 0.0, 0.28781272865530716, 0.2816823148186662, 0.10556293132934035, 0.1354677780686607], [0.05459666145828604, 0.05394219400358787, 0.03803200499306098, 0.1933431962320022, 0.43376007579376885, 0.22632586751929407], [0.016293366393961055, 0.0, 0.2515358935439102, 0.5385571209653855, 0.0739559958820296, 0.11965762321471357], [0.190715982776401, 0.0, 0.2611773807038664, 0.3872105621336295, 0.09094326040534009, 0.06995281398076286], [0.04685755788190199, 0.010700869850221143, 0.14252158321014524, 0.4185861742577015, 0.11708096192296794, 0.2642528528770622], [0.016486041219542336, 0.0414222141194531, 0.1594548132528347, 0.5509159133605034, 0.03856962023672076, 0.1931513978109458], [0.1908603523792823, 0.0, 0.26051626553555884, 0.1898501069820959, 0.2722475306702642, 0.08652574443279888], [0.016337651396477994, 0.0, 0.15801957047925133, 0.6871683906097716, 0.030869130276762437, 0.1076052572377367], [0.038401276650841, 0.0, 0.1948374070712257, 0.4033391726026931, 0.23027291978390635, 0.13314922389133385], [0.07392882468616448, 0.0416687557138385, 0.2260240782298742, 0.22609630930635607, 0.2716306460185785, 0.16065138604518817], [0.05542817542623528, 0.013797571565328954, 0.2580304475493127, 0.41361425511045596, 0.06856947266375285, 0.1905600776849142], [0.04562539032358864, 0.014597401732777762, 0.451084284088868, 0.08170795075224034, 0.3057093745443974, 0.10127559855812791], [0.19053597045161255, 0.0, 0.28315320053857457, 0.284404429977645, 0.10512949052529966, 0.13677690850686827], [0.01492353740458487, 0.037496325137147915, 0.14434210361545088, 0.5746979683105206, 0.02819723650313523, 0.20034282902916054], [0.057230368456422924, 0.014246186139367078, 0.24572934059358825, 0.3188886914287735, 0.06459908542506107, 0.29930632795678724], [0.18797181182477438, 0.0, 0.3012556585271007, 0.2950453313242755, 0.11547286242263828, 0.10025433590121106], [0.047642065049413394, 0.0, 0.20041407995495714, 0.40459925014002, 0.11524228241067032, 0.23210232244493914], [0.08837825018674315, 0.0, 0.28624574353784266, 0.2708084160043167, 0.17274260027910546, 0.18182498999199198], [0.19098055433981534, 0.0, 0.2812020791105089, 0.2855442830020904, 0.10494799239515105, 0.1373250911524343], [0.045920436198359, 0.026594535616416417, 0.2494925032281415, 0.2800470111632305, 0.25918177110751855, 0.1387637426863339], [0.040391979742240895, 0.08855061936311868, 0.23110225873354515, 0.3300624795789757, 0.10981904270196359, 0.20007361988015596], [0.19950845065088038, 0.00597758339567343, 0.31283825149111105, 0.25504355821539965, 0.12092954293334407, 0.10570261331359151], [0.19053221155836747, 0.0, 0.26201892862888404, 0.37439794614881294, 0.09104162595497692, 0.08200928770895856], [0.15055178590590967, 0.05131289609804318, 0.2561903506201669, 0.19998535639826737, 0.24242768884748522, 0.09953192213012763], [0.19107643221102122, 0.0, 0.2807813050475007, 0.28579010091041185, 0.1049088509534384, 0.13744331087762798], [0.016337651396477994, 0.0, 0.15801957047925133, 0.7070157919003518, 0.030869130276762437, 0.0877578559471565], [0.033098814843371696, 0.005779647096279969, 0.22153187652758577, 0.4389168440440725, 0.21452518464657394, 0.08614763284211609], [0.08659029137998096, 0.018403998562921717, 0.28792637660827497, 0.3252249977616527, 0.1503670285265035, 0.1314873071606663], [0.01634285941526929, 0.004557933153504751, 0.19989959440512506, 0.44494476185418746, 0.07185099486006644, 0.26240385631184704], [0.09661313694010204, 0.00579801030281451, 0.2897790055942853, 0.25805181490610607, 0.1777712714014518, 0.17198676085524023], [0.08860164216988138, 0.0, 0.09857068183750188, 0.45602323635746883, 0.1303461093380328, 0.22645833029711512], [0.06164123282465649, 0.04190083801676033, 0.15398307966159322, 0.47140942818856374, 0.07770155403108062, 0.19336386727734556], [0.1394106013582199, 0.0036113376151252143, 0.15887821885056586, 0.3471344885258765, 0.24564248941338507, 0.10532286423682745], [0.0839069263569348, 0.0, 0.2798555380917762, 0.38657125271325965, 0.1759610047382911, 0.07370527809973824], [0.19520733654363334, 0.04022734292046452, 0.24957288587508494, 0.23927338420800068, 0.1622547725112505, 0.113464277941566], [0.13915226175922585, 0.0, 0.15945481325283467, 0.5517717106046535, 0.06619978611759501, 0.08342142826569099], [0.1908603523792823, 0.0, 0.26051626553555884, 0.1898501069820959, 0.2722475306702642, 0.08652574443279888], [0.04515577834329225, 0.0, 0.19114148069778328, 0.45647574054127565, 0.1165929013283493, 0.19063409908929949], [0.055921118422368445, 0.01392027840556811, 0.23224464489289787, 0.5206904138082762, 0.06312126242524851, 0.11410228204564091], [0.06163999999999999, 0.04189999999999999, 0.17366, 0.33452, 0.18589999999999998, 0.20238], [0.19053597045161255, 0.0, 0.28315320053857457, 0.284404429977645, 0.10512949052529966, 0.13677690850686827], [0.0447880324154967, 0.0, 0.18298188569192078, 0.43212220214216274, 0.23274359391093394, 0.10736428583948592], [0.17135728677291628, 0.0, 0.34280254503886104, 0.18961123667360316, 0.2071047337660055, 0.08912419774861387], [0.06480681549046753, 0.04528749393196597, 0.1488584781472407, 0.5631664755034035, 0.08054944987753797, 0.09733128704938428], [0.25028912172792606, 0.05670226652361645, 0.29492488998331706, 0.20831444999910798, 0.1164851076499404, 0.07328416411609213], [0.19053597045161255, 0.0, 0.28315320053857457, 0.284404429977645, 0.10512949052529966, 0.13677690850686827]]}